bag_path: data/lidar_calibration_/lidar_calibration_2m
analysis_parameters:
  true_distance_m: 2.0
  target_angle_rad: 0.0
  angle_window_rad: 0.1
  topic: /scan
  bins: 50
scan_metadata:
  storage_id: mcap
  topic: /scan
  scan_messages: 608
  valid_measurements: 1824
  invalid_measurements_filtered: 0
  angle_min: 0.0012390906922519207
  angle_max: 6.257027626037598
  angle_increment: 0.02709052339196205
  range_min: 0.0
  range_max: 100.0
  n_ranges: 231
  target_angle: 0.0
  angle_window: 0.1
  center_index: 0
  half_width_index: 2
  used_indices:
  - 0
  - 1
  - 2
statistics:
  true_distance_m: 2.0
  n_samples: 1824
  mean_m: 2.015234656109099
  median_m: 2.015000104904175
  std_pop_m: 0.002098126515670177
  std_sample_m: 0.0020987018965984952
  sigma_hit_estimate_m: 0.0020987018965984952
  bias_m: 0.01523465610909902
  min_m: 2.009999990463257
  max_m: 2.0220000743865967
  q05_m: 2.01200008392334
  q95_m: 2.0190000534057617
  mad_m: 0.0010001659393310547
  robust_sigma_from_mad_m: 0.0014828460216522216
  outlier_count_gt_3sigma: 7
  outlier_rate_gt_3sigma: 0.003837719298245614
notes:
  sigma_hit_estimate_m: Estimated using sample standard deviation of valid measurements
    in selected angular window.
  bias_m: mean measurement - true distance
  outlier_definition: measurement farther than 3*std from mean (using sample std)
