bag_path: data/lidar_calibration_/lidar_calibration_05m
analysis_parameters:
  true_distance_m: 0.5
  target_angle_rad: 0.0
  angle_window_rad: 0.1
  topic: /scan
  bins: 50
scan_metadata:
  storage_id: mcap
  topic: /scan
  scan_messages: 639
  valid_measurements: 1913
  invalid_measurements_filtered: 4
  angle_min: 0.015493546612560749
  angle_max: 6.271621227264404
  angle_increment: 0.026582101359963417
  range_min: 0.0
  range_max: 100.0
  n_ranges: 236
  target_angle: 0.0
  angle_window: 0.1
  center_index: 0
  half_width_index: 2
  used_indices:
  - 0
  - 1
  - 2
statistics:
  true_distance_m: 0.5
  n_samples: 1913
  mean_m: 0.5018609679935493
  median_m: 0.503000020980835
  std_pop_m: 0.016776708936187632
  std_sample_m: 0.01678109557737547
  sigma_hit_estimate_m: 0.01678109557737547
  bias_m: 0.0018609679935492895
  min_m: 0.22300000488758087
  max_m: 0.5049999952316284
  q05_m: 0.503000020980835
  q95_m: 0.5040000081062317
  mad_m: 0.0
  robust_sigma_from_mad_m: 0.0
  outlier_count_gt_3sigma: 16
  outlier_rate_gt_3sigma: 0.00836382645060115
notes:
  sigma_hit_estimate_m: Estimated using sample standard deviation of valid measurements
    in selected angular window.
  bias_m: mean measurement - true distance
  outlier_definition: measurement farther than 3*std from mean (using sample std)
