true_distance_m: 2.0
num_window_samples_total: 4137
num_scans_used: 608
statistics_basis: per_scan_median_window_ranges
mean_m: 2.0161965593303504
median_m: 2.0160000324249268
std_m: 0.000900036318205201
min_m: 2.0139999389648438
max_m: 2.0190000534057617
q1_m: 2.015500068664551
q3_m: 2.0169999599456787
bias_m: 0.016196559330350357
mae_m: 0.016196559330350475
rmse_m: 0.016221506316347015
bag_path: data/lidar_calibration_/lidar_calibration_2m
topic: /scan
topic_type: sensor_msgs/msg/LaserScan
target_angle_rad: 0.0
angle_window_rad: 0.1
total_scan_messages: 608
scan_messages_with_valid_window_data: 608
first_timestamp_ns: 1771270523732796360
last_timestamp_ns: 1771270585284519022
duration_s_from_selected_topic: 61.551722662
