true_distance_m: 0.5
num_window_samples_total: 4399
num_scans_used: 639
statistics_basis: per_scan_median_window_ranges
mean_m: 0.5025852946724877
median_m: 0.5040000081062317
std_m: 0.017500071444110723
min_m: 0.23650000244379044
max_m: 0.5049999952316284
q1_m: 0.5040000081062317
q3_m: 0.5049999952316284
bias_m: 0.0025852946724876924
mae_m: 0.00579186736464687
rmse_m: 0.017676452718337104
bag_path: data/lidar_calibration_/lidar_calibration_05m
topic: /scan
topic_type: sensor_msgs/msg/LaserScan
target_angle_rad: 0.0
angle_window_rad: 0.1
total_scan_messages: 639
scan_messages_with_valid_window_data: 639
first_timestamp_ns: 1771270218096245992
last_timestamp_ns: 1771270283973155187
duration_s_from_selected_topic: 65.876909195
