true_distance_m: 1.0
num_window_samples_total: 4226
num_scans_used: 612
statistics_basis: per_scan_median_window_ranges
mean_m: 1.0041568200377857
median_m: 1.003999948501587
std_m: 0.00039936065522871116
min_m: 1.0019999742507935
max_m: 1.0049999952316284
q1_m: 1.003999948501587
q3_m: 1.003999948501587
bias_m: 0.0041568200377857245
mae_m: 0.0041568200377856985
rmse_m: 0.004175928777727152
bag_path: data/lidar_calibration_/lidar_calibration_1m
topic: /scan
topic_type: sensor_msgs/msg/LaserScan
target_angle_rad: 0.0
angle_window_rad: 0.1
total_scan_messages: 612
scan_messages_with_valid_window_data: 612
first_timestamp_ns: 1771270358688404310
last_timestamp_ns: 1771270421557961014
duration_s_from_selected_topic: 62.869556704
